7.440678897505254 44.92467457538323 8.29483356036796 47.8005083348189
9.43710595437505 44.98980385480482 10.2903642978411 47.8659036790991
11.433787902535133 45.054013902062486 12.2903853701921 47.9291209919643
13.430814112643313 45.1143569291272 14.2949817462715 47.9871977358879
15.42825682187192 45.1678836632065 16.3042155724446 48.0371512121282
17.4261580674119 45.21164310790759 18.318112860148 48.0759783968909
23.422305682344838 45.254783889188744 24.3872198920862 48.0953719564451
25.42139952249002 45.22993657457432 26.4188343006777 48.0592693339474
27.420251104555863 45.180553796463975 28.4542241392916 47.9967391176812
29.418446509375 45.10368845313301 30.4929111587893 47.9046750145358
31.43579213597213 44.9927065621305 32.5715480310539 47.7694057800486
33.47581454761413 44.80762296917897 34.7354354110013 47.5303707137414
35.50297905015566 44.49067883038596 36.9671887094624 47.1090924863221
39.39892858533195 43.20873955836343 41.4608084515852 45.3878796220444
41.14978798324229 42.14510741555582 43.5486168233166 43.9466679046951
43.90120846536342 39.286262175708316 46.7637769841785 40.1838709296144
44.90826556820963 37.5755857208311 47.8711744070693 38.045874156376
45.6770516867903 35.7457093874421 48.6759026786991 35.8287318442088
46.22275966554793 33.81178351060235 49.2095764033813 33.5308461962448
46.559361053395975 29.789769541058664 49.371790659603 28.7456240961468
46.30743488318615 27.78237259622894 48.9402528124274 26.3442245678724
45.756028670385184 25.835462725285748 48.1379348685719 24.0115869446911
44.908548622556765 24.010952043673313 46.9718766730536 21.8331831495909
43.806954990849555 22.35769184894132 45.5183908761479 19.8937545099424
40.99581610144987 19.56665427410431 42.034452284309 16.7521854290723
37.58942930289589 17.449196582091318 38.0024261140352 14.4777602906678
35.724485258381534 16.68177846855147 35.7974585974047 13.6826661179064
33.781912518615606 16.13875117339715 33.4965697064231 13.1523520909686
31.786850826785965 15.839404798542574 31.1302557069132 12.9121393769316
29.77704581962912 15.798889105581615 28.7495405480103 12.9803375419597
27.79541989221915 16.00782710654839 26.4275819814214 13.3378047377686
25.852849227498712 16.444569038841298 24.1935407090117 13.9452300781406
22.15095734467817 17.89258193695824 20.0475993937396 15.7534500265274
18.756910286540602 19.892067078945477 16.395185781583 18.0421326577611
17.142986415793285 20.99897830852109 14.7344934919394 19.210358215895
15.544519851924601 22.120788658639118 13.1401972893467 20.3265665388672
13.932100997968538 23.21409038636849 11.5833537070008 21.3477072094266
12.2786209937283 24.23446369835406 10.0428032559345 22.2341839570762
8.731803546215698 25.885989986161412 6.90006888859156 23.510122114402
6.832823483875245 26.454378591868764 5.24310276950825 23.9102111346615
4.887048751760895 26.83615571265196 3.54614319085073 24.1525066527486
2.913404638138635 27.033913423532894 1.82453456285617 24.2384953941222
-0.9774139688039005 26.897097631462337 -1.49646987010121 23.9423419780574
-2.8247361400201005 26.51822233676634 -2.88611819700968 23.518850361989
-6.146682954948857 24.802011910051263 -4.87663538345929 22.0841121388762
-7.435776835160203 23.347703328000172 -5.48860547878733 21.0654842962416
-8.293553229301137 21.59969376239657 -5.81567263287249 19.9085084532591
-8.663778473854359 19.687051922385102 -5.8334919233918 18.6923268134878
-8.529171527753807 17.742540725913926 -5.53917605118359 17.497740705306
-7.906907189430726 15.894288978520839 -4.95012865665813 16.4016948398736
-6.810632994311648 14.229047936083088 -4.05317915721677 15.4107620877673
-1.7859492021266923 10.49738580102239 0.49212153312725 12.4494087837712
-0.00012428232300321085 9.353599940485795 2.38653784056378 11.1712478467585
1.6509885744690802 8.014832253426565 4.26363974073903 9.48929957533922
3.0041880228640574 6.375960166791014 5.87263326747036 7.25460792254726
3.8389712366925814 4.56016591136155 6.83628597561633 4.68706884998182
4.262490063294637 2.7673286003135065 7.22868549746256 2.31823546262226
4.663367006335313 -0.8565013146841276 7.60968340642873 -1.42149659832866
4.977015403897706 -2.6187430979169424 7.9750905618407 -2.7261923758349
5.618316248357477 -4.325717188610818 8.54802041473498 -3.68009075055991
8.394750554704155 -7.197578342421847 10.6601317831479 -5.23084300440234
10.22400431419334 -8.100065262765193 12.1167992046948 -5.77254995615783
12.182179386685789 -8.711377971456416 13.7805173778787 -6.17261534649334
16.246288940438234 -9.45655127990549 17.6231089179688 -6.79114948102549
18.27883333804985 -9.809885434048372 19.7388585053217 -7.18913620702706
20.233590387246714 -10.241639791870657 21.8298950982966 -7.70159820373082
22.156191261078998 -10.770328889010543 23.8771264994103 -8.31301696223576
24.051424223031407 -11.387872382470654 25.8797524901441 -9.00938215804746
25.918958042846732 -12.082754414653754 27.8385154732156 -9.77726113305095
31.374190594453413 -14.522416414918386 33.4828656272925 -12.388525694689
33.19811016657506 -15.46498030543914 35.3884273243004 -13.4149776838374
34.976434155057824 -16.53570468956497 37.3243202944926 -14.6682383106842
36.62522671138226 -17.801863196724742 39.1922962154652 -16.2493960759111
38.046719683951466 -19.320436457951256 40.8455371260767 -18.2403341823979
39.10618161961696 -21.07629741828766 42.0705518955054 -20.6153105774461
39.74118751699343 -22.961867601726045 42.7346589897432 -23.1596769590206
39.82578517945869 -26.91754744370056 42.5147079384368 -28.247846055385
39.33300483741739 -28.842528794938666 41.753803677142 -30.6144579632713
37.43899346750514 -32.37580972646019 39.1831183440142 -34.8167170198948
36.07263514112005 -33.87464656152243 37.3770559671547 -36.5762176430613
34.46005335657848 -35.104994889282885 35.2523671945937 -37.9984770098583
32.65199646808223 -36.002093459407604 32.8791324240351 -38.993482644638
28.837796665385806 -36.80074450806187 28.1270516052592 -39.715335638822
26.893310732581536 -36.84420143818501 25.9046030197368 -39.6765956654354
24.955080906281825 -36.750356908558956 23.8121031317075 -39.5240911796868
23.02648378304012 -36.59569720318534 21.8464792201864 -39.3538830619781
21.08798856588526 -36.456202179343975 19.9742827992146 -39.2418187116909
17.060748210827835 -36.34484042040226 16.0937484438592 -39.1847191943436
13.012600583372173 -36.300587443169924 11.9928246424488 -39.1219447460144
10.986708199955569 -36.2093133738479 9.86352410414552 -38.9911216862446
8.965361731596028 -36.02097469333714 7.69014987529461 -38.7364552625087
6.975964969163725 -35.70310064835123 5.51782683234722 -38.3249002543397
5.046228096699452 -35.26352997285827 3.42382206323132 -37.786979727176
3.1459249932399747 -34.72189157826258 1.40682879137184 -37.1663842455962
1.2691116882411617 -34.11095644625483 -0.541821138011257 -36.5027177844325
-2.479880755615443 -32.787454920112495 -4.34015621146816 -35.1410426555394
-6.234448912075027 -31.368512808159238 -8.16436000121084 -33.6653461038145
-8.091445603362835 -30.603922716097355 -10.0767778404464 -32.8530238495275
-9.926363438626051 -29.78765757495236 -11.9792230934156 -31.9752972248347
-11.721764699738086 -28.91944080656109 -13.8428086034457 -31.0410375539532
-13.48644538341973 -28.003030787640718 -15.6623928384561 -30.0682796038662
-16.956786179642428 -26.067183128911022 -19.1958077261686 -28.0638760232219
-18.675187763719165 -25.072818951988154 -20.9238240938196 -27.0586776214187
-20.40151619507128 -24.070526680166758 -22.6524765196268 -26.0537507263292
-22.140725150728972 -23.049560467846955 -24.4077080359509 -25.0144494209715
-25.56048385123042 -20.89961094410251 -27.9360780875981 -22.7317004681533
-27.207020328980782 -19.725123573768403 -29.6698538901663 -21.4381474644069
-30.26807485778629 -17.078110150691657 -32.9453564203185 -18.4316844689044
-31.62479918415869 -15.583306472866171 -34.4107565227371 -16.6961594315364
-32.831470038421614 -13.98773713730363 -35.7065080013589 -14.844566590386
-33.89318957793104 -12.293725476153519 -36.8313109009813 -12.8998963192641
-34.81010554014459 -10.517630172361597 -37.7878917266941 -10.8820330087871
-35.58415446156753 -8.675250961797948 -38.5811746376266 -8.808929921604
-36.21905634131587 -6.780887141720483 -39.2178699842561 -6.69652639898087
-37.36517626358668 -0.9259539911326335 -40.3011807339499 -0.309611756649864
-37.545136013999645 1.0524599719575263 -40.4533406202231 1.78890139416343
-37.65463701512112 3.0347616138119067 -40.5382789183978 3.86217286202336
-37.7125678356718 5.017914761436378 -40.5775538214583 5.90777727960811
-37.737887451347056 7.000362448051455 -40.5919497511314 7.92466131148779
-37.74957972703662 8.981623114552809 -40.6014196538181 9.91275631233656
-37.78712324843369 12.971018963408433 -40.6457557289961 13.8810850824754
-37.81460927637814 14.969323379686614 -40.674533449872 15.8753221224371
-37.84257163002287 16.967966684837315 -40.7017394704418 17.8763494567535
-37.88182343431758 20.96646540707266 -40.7332264185658 21.898935793423
-37.88405546152681 22.96631898267534 -40.7282871101318 23.9204396925825
-37.86864964327135 24.966446219020604 -40.7033369152928 25.948560300907
-37.68684717013585 29.08058361022998 -40.429160406945 30.2970202551981
-37.34365493802 31.14111291432141 -39.9260632680985 32.6679289532538
-36.68224378669092 33.12428748073858 -38.9665731582284 35.0689826553948
-35.61219330723975 34.919272062761465 -37.4022554152914 37.3266934320522
-34.171512538748246 36.32252142211884 -35.2924298638551 39.105243893059
-32.637887887516726 37.309180662540584 -33.2056190082383 40.2549711124138
-29.316114169093105 38.98656572482106 -29.7935826692359 41.9483259837501
-27.528072554880104 39.96993058576901 -28.1179159337869 42.9113732230407
-22.143865377879276 42.89700866842411 -22.4882559681602 45.8771756304123
-20.259387492849125 43.673429418729505 -20.3655683666973 46.6715497668858
-18.30845719924904 44.26953588362845 -18.1093389106216 47.2629205744315
-16.33118406774941 44.63450309309208 -15.7909195473899 47.5854545071348
-14.388739865239039 44.792060352630735 -13.5681633690504 47.6776546092619
-12.446156798567005 44.81093954708601 -11.464425411051 47.6457593795914
-8.527135132916301 44.71560775917582 -7.51988574761303 47.5414613781388
-6.5317652114187235 44.685196677088854 -5.55737846449435 47.5225493988029
-4.535958706218395 44.67652168863474 -3.5905890292448 47.5236739806379
-0.5438433625745582 44.7132289515476 0.355197826404633 47.5753479114301
1.4522487749088362 44.75303019759575 2.33404449770947 47.6205092826547
3.448320708384206 44.803407571249004 4.31684977705784 47.6749328204622
